012345678901234567890123456789012345678901234567890123456789012345678901234567890123456789012345678901234567890123456789
014965694101496569410149656941014965694101496569410149656941014965694101496569410149656941014965694101496569410149656941
016945614901694561490169456149016945614901694561490169456149016945614901694561490169456149016945614901694561490169456149
018365638101836563810183656381018365638101836563810183656381018365638101836563810183656381018365638101836563810183656381
010101212123232343434545456565676767878789898909090101012121232323434345454565656767678787898989090901010121212323234343
012345814705050529630987656789036925050507418543210123458147050505296309876567890369250505074185432101234581470505052963
014965872305050523870961456941032785050507832541690149658723050505238709614569410327850505078325416901496587230505052387
016945832705050527830941656149038725050507238549610169458327050505278309416561490387250505072385496101694583270505052783
018365894305050521670927456381034985050507612547290183658943050505216709274563810349850505076125472901836589430505052167
010101414149494969696565656565696969494941414101010101014141494949696965656565656969694949414141010101010141414949496969
012345050503692505050123456789050505814705050567890123450505036925050501234567890505058147050505678901234505050369250505
014965050503278505050149656941050505872305050569410149650505032785050501496569410505058723050505694101496505050327850505
016945050503872505050169456149050505832705050561490169450505038725050501694561490505058327050505614901694505050387250505
018365050503498505050183656381050505894305050563810183650505034985050501836563810505058943050505638101836505050349850505
010101616169696949494545456565616161414149494909090101016161696969494945454565656161614141494949090901010161616969694949
012345296305050581470987656789074185050503692543210123452963050505814709876567890741850505036925432101234529630505058147
014965238705050587230961456941078325050503278541690149652387050505872309614569410783250505032785416901496523870505058723
016945278305050583270941656149072385050503872549610169452783050505832709416561490723850505038725496101694527830505058327
018365216705050589430927456381076125050503498547290183652167050505894309274563810761250505034985472901836521670505058943
010101818183838363636565656565636363838381818101010101018181838383636365656565656363638383818181010101010181818383836363
012345432101234543210123456789098765678909876567890123454321012345432101234567890987656789098765678901234543210123454321
014965416901496541690149656941096145694109614569410149654169014965416901496569410961456941096145694101496541690149654169
016945496101694549610169456149094165614909416561490169454961016945496101694561490941656149094165614901694549610169454961
018365472901836547290183656381092745638109274563810183654729018365472901836563810927456381092745638101836547290183654729
010101010101010101010101012121212121212121212121212323232323232323232323232343434343434343434343434345454545454545454545
012345678901234567890123458147036925814703692581470505050505050505050505050529630741852963074185296309876543210987654321
014965694101496569410149658723032785872303278587230505050505050505050505050523870783252387078325238709614541690961454169
016945614901694561490169458327038725832703872583270505050505050505050505050527830723852783072385278309416549610941654961
018365638101836563810183658943034985894303498589430505050505050505050505050521670761252167076125216709274547290927454729
010101212123232343434545458585818181414147474707070505050505050505050505050525252929296969636363030309090989898787876767
012345814705050529630987658147098765050501234529630505050505050505050505050529630123450505098765814709876529630505058147
014965872305050523870961458723096145050501496523870505050505050505050505050523870149650505096145872309614523870505058723
016945832705050527830941658327094165050501694527830505050505050505050505050527830169450505094165832709416527830505058327
018365894305050521670927458943092745050501836521670505050505050505050505050521670183650505092745894309274521670505058943
010101414149494969696565658585878787272723232303030505050505050505050505050525252323238383878787070709090969696161614141
012345050503692505050123458147050505432105050581470505050505050505050505050529630505056789050505296309876505050741850505
014965050503278505050149658723050505416905050587230505050505050505050505050523870505056941050505238709614505050783250505
016945050503872505050169458327050505496105050583270505050505050505050505050527830505056149050505278309416505050723850505
018365050503498505050183658943050505472905050589430505050505050505050505050521670505056381050505216709274505050761250505
010101616169696949494545458585838383232327272707070505050505050505050505050525252727278787838383030309090949494141416161
012345296305050581470987658147012345050509876529630505050505050505050505050529630987650505012345814709876581470505052963
014965238705050587230961458723014965050509614523870505050505050505050505050523870961450505014965872309614587230505052387
016945278305050583270941658327016945050509416527830505050505050505050505050527830941650505016945832709416583270505052783
018365216705050589430927458943018365050509274521670505050505050505050505050521670927450505018365894309274589430505052167
010101818183838363636565658585898989494943434303030505050505050505050505050525252121216161676767070709090929292727274747
012345432101234543210123458147074185814707418581470505050505050505050505050529630369252963036925296309876567890987656789
014965416901496541690149658723078325872307832587230505050505050505050505050523870327852387032785238709614569410961456941
016945496101694549610169458327072385832707238583270505050505050505050505050527830387252783038725278309416561490941656149
018365472901836547290183658943076125894307612589430505050505050505050505050521670349852167034985216709274563810927456381
010101010101010101010101014141414141414141414141414949494949494949494949494969696969696969696969696965656565656565656565
012345678901234567890123450505050505050505050505050369258147036925814703692505050505050505050505050501234567890123456789
014965694101496569410149650505050505050505050505050327858723032785872303278505050505050505050505050501496569410149656941
016945614901694561490169450505050505050505050505050387258327038725832703872505050505050505050505050501694561490169456149
018365638101836563810183650505050505050505050505050349858943034985894303498505050505050505050505050501836563810183656381
010101212123232343434545450505050505050505050505050303036363696969292925252505050505050505050505050501010121212323234343
012345814705050529630987650505050505050505050505050369254321050505678907418505050505050505050505050501234581470505052963
014965872305050523870961450505050505050505050505050327854169050505694107832505050505050505050505050501496587230505052387
016945832705050527830941650505050505050505050505050387254961050505614907238505050505050505050505050501694583270505052783
018365894305050521670927450505050505050505050505050349854729050505638107612505050505050505050505050501836589430505052167
010101414149494969696565650505050505050505050505050303032323272727878785858505050505050505050505050501010141414949496969
012345050503692505050123450505050505050505050505050369250505098765050503692505050505050505050505050501234505050369250505
014965050503278505050149650505050505050505050505050327850505096145050503278505050505050505050505050501496505050327850505
016945050503872505050169450505050505050505050505050387250505094165050503872505050505050505050505050501694505050387250505
018365050503498505050183650505050505050505050505050349850505092745050503498505050505050505050505050501836505050349850505
010101616169696949494545450505050505050505050505050303038383878787272725252505050505050505050505050501010161616969694949
012345296305050581470987650505050505050505050505050369256789050505432107418505050505050505050505050501234529630505058147
014965238705050587230961450505050505050505050505050327856941050505416907832505050505050505050505050501496523870505058723
016945278305050583270941650505050505050505050505050387256149050505496107238505050505050505050505050501694527830505058327
018365216705050589430927450505050505050505050505050349856381050505472907612505050505050505050505050501836521670505058943
010101818183838363636565650505050505050505050505050303034343494949898985858505050505050505050505050501010181818383836363
012345432101234543210123450505050505050505050505050369252963036925296303692505050505050505050505050501234543210123454321
014965416901496541690149650505050505050505050505050327852387032785238703278505050505050505050505050501496541690149654169
016945496101694549610169450505050505050505050505050387252783038725278303872505050505050505050505050501694549610169454961
018365472901836547290183650505050505050505050505050349852167034985216703498505050505050505050505050501836547290183654729
010101010101010101010101016161616161616161616161616969696969696969696969696949494949494949494949494945454545454545454545
012345678901234567890123452963074185296307418529630505050505050505050505050581470369258147036925814709876543210987654321
014965694101496569410149652387078325238707832523870505050505050505050505050587230327858723032785872309614541690961454169
016945614901694561490169452783072385278307238527830505050505050505050505050583270387258327038725832709416549610941654961
018365638101836563810183652167076125216707612521670505050505050505050505050589430349858943034985894309274547290927454729
010101212123232343434545452525292929696963636303030505050505050505050505050585858181814141474747070709090989898787876767
012345814705050529630987652963012345050509876581470505050505050505050505050581470987650505012345296309876529630505058147
014965872305050523870961452387014965050509614587230505050505050505050505050587230961450505014965238709614523870505058723
016945832705050527830941652783016945050509416583270505050505050505050505050583270941650505016945278309416527830505058327
018365894305050521670927452167018365050509274589430505050505050505050505050589430927450505018365216709274521670505058943
010101414149494969696565652525232323838387878707070505050505050505050505050585858787872727232323030309090969696161614141
012345050503692505050123452963050505678905050529630505050505050505050505050581470505054321050505814709876505050741850505
014965050503278505050149652387050505694105050523870505050505050505050505050587230505054169050505872309614505050783250505
016945050503872505050169452783050505614905050527830505050505050505050505050583270505054961050505832709416505050723850505
018365050503498505050183652167050505638105050521670505050505050505050505050589430505054729050505894309274505050761250505
010101616169696949494545452525272727878783838303030505050505050505050505050585858383832323272727070709090949494141416161
012345296305050581470987652963098765050501234581470505050505050505050505050581470123450505098765296309876581470505052963
014965238705050587230961452387096145050501496587230505050505050505050505050587230149650505096145238709614587230505052387
016945278305050583270941652783094165050501694583270505050505050505050505050583270169450505094165278309416583270505052783
018365216705050589430927452167092745050501836589430505050505050505050505050589430183650505092745216709274589430505052167
010101818183838363636565652525212121616167676707070505050505050505050505050585858989894949434343030309090929292727274747
012345432101234543210123452963036925296303692529630505050505050505050505050581470741858147074185814709876567890987656789
014965416901496541690149652387032785238703278523870505050505050505050505050587230783258723078325872309614569410961456941
016945496101694549610169452783038725278303872527830505050505050505050505050583270723858327072385832709416561490941656149
018365472901836547290183652167034985216703498521670505050505050505050505050589430761258943076125894309274563810927456381
010101010101010101010101018181818181818181818181818383838383838383838383838363636363636363636363636365656565656565656565
012345678901234567890123454321098765432109876543210123456789012345678901234543210987654321098765432101234567890123456789
014965694101496569410149654169096145416909614541690149656941014965694101496541690961454169096145416901496569410149656941
016945614901694561490169454961094165496109416549610169456149016945614901694549610941654961094165496101694561490169456149
018365638101836563810183654729092745472909274547290183656381018365638101836547290927454729092745472901836563810183656381
010101212123232343434545454545434343232321212101010101012121232323434345454545454343432323212121010101010121212323234343
012345814705050529630987654321074185050503692567890123458147050505296309876543210741850505036925678901234581470505052963
014965872305050523870961454169078325050503278569410149658723050505238709614541690783250505032785694101496587230505052387
016945832705050527830941654961072385050503872561490169458327050505278309416549610723850505038725614901694583270505052783
018365894305050521670927454729076125050503498563810183658943050505216709274547290761250505034985638101836589430505052167
010101414149494969696565654545414141616169696909090101014141494949696965656545454141416161696969090901010141414949496969
012345050503692505050123454321050505296305050543210123450505036925050501234543210505052963050505432101234505050369250505
014965050503278505050149654169050505238705050541690149650505032785050501496541690505052387050505416901496505050327850505
016945050503872505050169454961050505278305050549610169450505038725050501694549610505052783050505496101694505050387250505
018365050503498505050183654729050505216705050547290183650505034985050501836547290505052167050505472901836505050349850505
010101616169696949494545454545494949696961616101010101016161696969494945454545454949496969616161010101010161616969694949
012345296305050581470987654321036925050507418567890123452963050505814709876543210369250505074185678901234529630505058147
014965238705050587230961454169032785050507832569410149652387050505872309614541690327850505078325694101496523870505058723
016945278305050583270941654961038725050507238561490169452783050505832709416549610387250505072385614901694527830505058327
018365216705050589430927454729034985050507612563810183652167050505894309274547290349850505076125638101836521670505058943
010101818183838363636565654545474747272729292909090101018181838383636365656545454747472727292929090901010181818383836363
012345432101234543210123454321012345432101234543210123454321012345432101234543210123454321012345432101234543210123454321
014965416901496541690149654169014965416901496541690149654169014965416901496541690149654169014965416901496541690149654169
016945496101694549610169454961016945496101694549610169454961016945496101694549610169454961016945496101694549610169454961
018365472901836547290183654729018365472901836547290183654729018365472901836547290183654729018365472901836547290183654729
010101010101010101010101010101010101010101010101010101010101010101010101010101010101010101010101010101010101010101010101
012345678901234567890123456789012345678901234567890123456789012345678901234567890123456789012345678901234567890123456789
014965694101496569410149656941014965694101496569410149656941014965694101496569410149656941014965694101496569410149656941
016945614901694561490169456149016945614901694561490169456149016945614901694561490169456149016945614901694561490169456149
018365638101836563810183656381018365638101836563810183656381018365638101836563810183656381018365638101836563810183656381
010101212123232343434545456565676767878789898909090101012121232323434345454565656767678787898989090901010121212323234343
012345814705050529630987656789036925050507418543210123458147050505296309876567890369250505074185432101234581470505052963
014965872305050523870961456941032785050507832541690149658723050505238709614569410327850505078325416901496587230505052387
016945832705050527830941656149038725050507238549610169458327050505278309416561490387250505072385496101694583270505052783
018365894305050521670927456381034985050507612547290183658943050505216709274563810349850505076125472901836589430505052167
010101414149494969696565656565696969494941414101010101014141494949696965656565656969694949414141010101010141414949496969
012345050503692505050123456789050505814705050567890123450505036925050501234567890505058147050505678901234505050369250505
014965050503278505050149656941050505872305050569410149650505032785050501496569410505058723050505694101496505050327850505
016945050503872505050169456149050505832705050561490169450505038725050501694561490505058327050505614901694505050387250505
018365050503498505050183656381050505894305050563810183650505034985050501836563810505058943050505638101836505050349850505
010101616169696949494545456565616161414149494909090101016161696969494945454565656161614141494949090901010161616969694949
012345296305050581470987656789074185050503692543210123452963050505814709876567890741850505036925432101234529630505058147
014965238705050587230961456941078325050503278541690149652387050505872309614569410783250505032785416901496523870505058723
016945278305050583270941656149072385050503872549610169452783050505832709416561490723850505038725496101694527830505058327
018365216705050589430927456381076125050503498547290183652167050505894309274563810761250505034985472901836521670505058943
010101818183838363636565656565636363838381818101010101018181838383636365656565656363638383818181010101010181818383836363
012345432101234543210123456789098765678909876567890123454321012345432101234567890987656789098765678901234543210123454321
014965416901496541690149656941096145694109614569410149654169014965416901496569410961456941096145694101496541690149654169
016945496101694549610169456149094165614909416561490169454961016945496101694561490941656149094165614901694549610169454961
018365472901836547290183656381092745638109274563810183654729018365472901836563810927456381092745638101836547290183654729
010101010101010101010101012121212121212121212121212323232323232323232323232343434343434343434343434345454545454545454545
012345678901234567890123458147036925814703692581470505050505050505050505050529630741852963074185296309876543210987654321
014965694101496569410149658723032785872303278587230505050505050505050505050523870783252387078325238709614541690961454169
016945614901694561490169458327038725832703872583270505050505050505050505050527830723852783072385278309416549610941654961
018365638101836563810183658943034985894303498589430505050505050505050505050521670761252167076125216709274547290927454729
010101212123232343434545458585818181414147474707070505050505050505050505050525252929296969636363030309090989898787876767
012345814705050529630987658147098765050501234529630505050505050505050505050529630123450505098765814709876529630505058147
014965872305050523870961458723096145050501496523870505050505050505050505050523870149650505096145872309614523870505058723
016945832705050527830941658327094165050501694527830505050505050505050505050527830169450505094165832709416527830505058327
018365894305050521670927458943092745050501836521670505050505050505050505050521670183650505092745894309274521670505058943
010101414149494969696565658585878787272723232303030505050505050505050505050525252323238383878787070709090969696161614141
012345050503692505050123458147050505432105050581470505050505050505050505050529630505056789050505296309876505050741850505
014965050503278505050149658723050505416905050587230505050505050505050505050523870505056941050505238709614505050783250505
016945050503872505050169458327050505496105050583270505050505050505050505050527830505056149050505278309416505050723850505
018365050503498505050183658943050505472905050589430505050505050505050505050521670505056381050505216709274505050761250505
010101616169696949494545458585838383232327272707070505050505050505050505050525252727278787838383030309090949494141416161
012345296305050581470987658147012345050509876529630505050505050505050505050529630987650505012345814709876581470505052963
014965238705050587230961458723014965050509614523870505050505050505050505050523870961450505014965872309614587230505052387
016945278305050583270941658327016945050509416527830505050505050505050505050527830941650505016945832709416583270505052783
018365216705050589430927458943018365050509274521670505050505050505050505050521670927450505018365894309274589430505052167
010101818183838363636565658585898989494943434303030505050505050505050505050525252121216161676767070709090929292727274747
012345432101234543210123458147074185814707418581470505050505050505050505050529630369252963036925296309876567890987656789
014965416901496541690149658723078325872307832587230505050505050505050505050523870327852387032785238709614569410961456941
016945496101694549610169458327072385832707238583270505050505050505050505050527830387252783038725278309416561490941656149
018365472901836547290183658943076125894307612589430505050505050505050505050521670349852167034985216709274563810927456381
010101010101010101010101014141414141414141414141414949494949494949494949494969696969696969696969696965656565656565656565
012345678901234567890123450505050505050505050505050369258147036925814703692505050505050505050505050501234567890123456789
014965694101496569410149650505050505050505050505050327858723032785872303278505050505050505050505050501496569410149656941
016945614901694561490169450505050505050505050505050387258327038725832703872505050505050505050505050501694561490169456149
018365638101836563810183650505050505050505050505050349858943034985894303498505050505050505050505050501836563810183656381
010101212123232343434545450505050505050505050505050303036363696969292925252505050505050505050505050501010121212323234343
012345814705050529630987650505050505050505050505050369254321050505678907418505050505050505050505050501234581470505052963
014965872305050523870961450505050505050505050505050327854169050505694107832505050505050505050505050501496587230505052387
016945832705050527830941650505050505050505050505050387254961050505614907238505050505050505050505050501694583270505052783
018365894305050521670927450505050505050505050505050349854729050505638107612505050505050505050505050501836589430505052167
010101414149494969696565650505050505050505050505050303032323272727878785858505050505050505050505050501010141414949496969
012345050503692505050123450505050505050505050505050369250505098765050503692505050505050505050505050501234505050369250505
014965050503278505050149650505050505050505050505050327850505096145050503278505050505050505050505050501496505050327850505
016945050503872505050169450505050505050505050505050387250505094165050503872505050505050505050505050501694505050387250505
018365050503498505050183650505050505050505050505050349850505092745050503498505050505050505050505050501836505050349850505
010101616169696949494545450505050505050505050505050303038383878787272725252505050505050505050505050501010161616969694949
012345296305050581470987650505050505050505050505050369256789050505432107418505050505050505050505050501234529630505058147
014965238705050587230961450505050505050505050505050327856941050505416907832505050505050505050505050501496523870505058723
016945278305050583270941650505050505050505050505050387256149050505496107238505050505050505050505050501694527830505058327
018365216705050589430927450505050505050505050505050349856381050505472907612505050505050505050505050501836521670505058943
010101818183838363636565650505050505050505050505050303034343494949898985858505050505050505050505050501010181818383836363
012345432101234543210123450505050505050505050505050369252963036925296303692505050505050505050505050501234543210123454321
014965416901496541690149650505050505050505050505050327852387032785238703278505050505050505050505050501496541690149654169
016945496101694549610169450505050505050505050505050387252783038725278303872505050505050505050505050501694549610169454961
018365472901836547290183650505050505050505050505050349852167034985216703498505050505050505050505050501836547290183654729
010101010101010101010101016161616161616161616161616969696969696969696969696949494949494949494949494945454545454545454545
012345678901234567890123452963074185296307418529630505050505050505050505050581470369258147036925814709876543210987654321
014965694101496569410149652387078325238707832523870505050505050505050505050587230327858723032785872309614541690961454169
016945614901694561490169452783072385278307238527830505050505050505050505050583270387258327038725832709416549610941654961
018365638101836563810183652167076125216707612521670505050505050505050505050589430349858943034985894309274547290927454729
010101212123232343434545452525292929696963636303030505050505050505050505050585858181814141474747070709090989898787876767
012345814705050529630987652963012345050509876581470505050505050505050505050581470987650505012345296309876529630505058147
014965872305050523870961452387014965050509614587230505050505050505050505050587230961450505014965238709614523870505058723
016945832705050527830941652783016945050509416583270505050505050505050505050583270941650505016945278309416527830505058327
018365894305050521670927452167018365050509274589430505050505050505050505050589430927450505018365216709274521670505058943
010101414149494969696565652525232323838387878707070505050505050505050505050585858787872727232323030309090969696161614141
012345050503692505050123452963050505678905050529630505050505050505050505050581470505054321050505814709876505050741850505
014965050503278505050149652387050505694105050523870505050505050505050505050587230505054169050505872309614505050783250505
016945050503872505050169452783050505614905050527830505050505050505050505050583270505054961050505832709416505050723850505
018365050503498505050183652167050505638105050521670505050505050505050505050589430505054729050505894309274505050761250505
010101616169696949494545452525272727878783838303030505050505050505050505050585858383832323272727070709090949494141416161
012345296305050581470987652963098765050501234581470505050505050505050505050581470123450505098765296309876581470505052963
014965238705050587230961452387096145050501496587230505050505050505050505050587230149650505096145238709614587230505052387
016945278305050583270941652783094165050501694583270505050505050505050505050583270169450505094165278309416583270505052783
018365216705050589430927452167092745050501836589430505050505050505050505050589430183650505092745216709274589430505052167
010101818183838363636565652525212121616167676707070505050505050505050505050585858989894949434343030309090929292727274747
012345432101234543210123452963036925296303692529630505050505050505050505050581470741858147074185814709876567890987656789
014965416901496541690149652387032785238703278523870505050505050505050505050587230783258723078325872309614569410961456941
016945496101694549610169452783038725278303872527830505050505050505050505050583270723858327072385832709416561490941656149
018365472901836547290183652167034985216703498521670505050505050505050505050589430761258943076125894309274563810927456381
010101010101010101010101018181818181818181818181818383838383838383838383838363636363636363636363636365656565656565656565
012345678901234567890123454321098765432109876543210123456789012345678901234543210987654321098765432101234567890123456789
014965694101496569410149654169096145416909614541690149656941014965694101496541690961454169096145416901496569410149656941
016945614901694561490169454961094165496109416549610169456149016945614901694549610941654961094165496101694561490169456149
018365638101836563810183654729092745472909274547290183656381018365638101836547290927454729092745472901836563810183656381
010101212123232343434545454545434343232321212101010101012121232323434345454545454343432323212121010101010121212323234343
012345814705050529630987654321074185050503692567890123458147050505296309876543210741850505036925678901234581470505052963
014965872305050523870961454169078325050503278569410149658723050505238709614541690783250505032785694101496587230505052387
016945832705050527830941654961072385050503872561490169458327050505278309416549610723850505038725614901694583270505052783
018365894305050521670927454729076125050503498563810183658943050505216709274547290761250505034985638101836589430505052167
010101414149494969696565654545414141616169696909090101014141494949696965656545454141416161696969090901010141414949496969
012345050503692505050123454321050505296305050543210123450505036925050501234543210505052963050505432101234505050369250505
014965050503278505050149654169050505238705050541690149650505032785050501496541690505052387050505416901496505050327850505
016945050503872505050169454961050505278305050549610169450505038725050501694549610505052783050505496101694505050387250505
018365050503498505050183654729050505216705050547290183650505034985050501836547290505052167050505472901836505050349850505
010101616169696949494545454545494949696961616101010101016161696969494945454545454949496969616161010101010161616969694949
012345296305050581470987654321036925050507418567890123452963050505814709876543210369250505074185678901234529630505058147
014965238705050587230961454169032785050507832569410149652387050505872309614541690327850505078325694101496523870505058723
016945278305050583270941654961038725050507238561490169452783050505832709416549610387250505072385614901694527830505058327
018365216705050589430927454729034985050507612563810183652167050505894309274547290349850505076125638101836521670505058943
010101818183838363636565654545474747272729292909090101018181838383636365656545454747472727292929090901010181818383836363
012345432101234543210123454321012345432101234543210123454321012345432101234543210123454321012345432101234543210123454321
014965416901496541690149654169014965416901496541690149654169014965416901496541690149654169014965416901496541690149654169
016945496101694549610169454961016945496101694549610169454961016945496101694549610169454961016945496101694549610169454961
018365472901836547290183654729018365472901836547290183654729018365472901836547290183654729018365472901836547290183654729
010101010101010101010101010101010101010101010101010101010101010101010101010101010101010101010101010101010101010101010101
012345678901234567890123456789012345678901234567890123456789012345678901234567890123456789012345678901234567890123456789
014965694101496569410149656941014965694101496569410149656941014965694101496569410149656941014965694101496569410149656941
016945614901694561490169456149016945614901694561490169456149016945614901694561490169456149016945614901694561490169456149
018365638101836563810183656381018365638101836563810183656381018365638101836563810183656381018365638101836563810183656381
010101212123232343434545456565676767878789898909090101012121232323434345454565656767678787898989090901010121212323234343
012345814705050529630987656789036925050507418543210123458147050505296309876567890369250505074185432101234581470505052963
014965872305050523870961456941032785050507832541690149658723050505238709614569410327850505078325416901496587230505052387
016945832705050527830941656149038725050507238549610169458327050505278309416561490387250505072385496101694583270505052783
018365894305050521670927456381034985050507612547290183658943050505216709274563810349850505076125472901836589430505052167
010101414149494969696565656565696969494941414101010101014141494949696965656565656969694949414141010101010141414949496969
012345050503692505050123456789050505814705050567890123450505036925050501234567890505058147050505678901234505050369250505
014965050503278505050149656941050505872305050569410149650505032785050501496569410505058723050505694101496505050327850505
016945050503872505050169456149050505832705050561490169450505038725050501694561490505058327050505614901694505050387250505
018365050503498505050183656381050505894305050563810183650505034985050501836563810505058943050505638101836505050349850505
010101616169696949494545456565616161414149494909090101016161696969494945454565656161614141494949090901010161616969694949
012345296305050581470987656789074185050503692543210123452963050505814709876567890741850505036925432101234529630505058147
014965238705050587230961456941078325050503278541690149652387050505872309614569410783250505032785416901496523870505058723
016945278305050583270941656149072385050503872549610169452783050505832709416561490723850505038725496101694527830505058327
018365216705050589430927456381076125050503498547290183652167050505894309274563810761250505034985472901836521670505058943
010101818183838363636565656565636363838381818101010101018181838383636365656565656363638383818181010101010181818383836363
012345432101234543210123456789098765678909876567890123454321012345432101234567890987656789098765678901234543210123454321
014965416901496541690149656941096145694109614569410149654169014965416901496569410961456941096145694101496541690149654169
016945496101694549610169456149094165614909416561490169454961016945496101694561490941656149094165614901694549610169454961
018365472901836547290183656381092745638109274563810183654729018365472901836563810927456381092745638101836547290183654729
010101010101010101010101012121212121212121212121212323232323232323232323232343434343434343434343434345454545454545454545
012345678901234567890123458147036925814703692581470505050505050505050505050529630741852963074185296309876543210987654321
014965694101496569410149658723032785872303278587230505050505050505050505050523870783252387078325238709614541690961454169
016945614901694561490169458327038725832703872583270505050505050505050505050527830723852783072385278309416549610941654961
018365638101836563810183658943034985894303498589430505050505050505050505050521670761252167076125216709274547290927454729
010101212123232343434545458585818181414147474707070505050505050505050505050525252929296969636363030309090989898787876767
012345814705050529630987658147098765050501234529630505050505050505050505050529630123450505098765814709876529630505058147
014965872305050523870961458723096145050501496523870505050505050505050505050523870149650505096145872309614523870505058723
016945832705050527830941658327094165050501694527830505050505050505050505050527830169450505094165832709416527830505058327
018365894305050521670927458943092745050501836521670505050505050505050505050521670183650505092745894309274521670505058943
010101414149494969696565658585878787272723232303030505050505050505050505050525252323238383878787070709090969696161614141
012345050503692505050123458147050505432105050581470505050505050505050505050529630505056789050505296309876505050741850505
014965050503278505050149658723050505416905050587230505050505050505050505050523870505056941050505238709614505050783250505
016945050503872505050169458327050505496105050583270505050505050505050505050527830505056149050505278309416505050723850505
018365050503498505050183658943050505472905050589430505050505050505050505050521670505056381050505216709274505050761250505
010101616169696949494545458585838383232327272707070505050505050505050505050525252727278787838383030309090949494141416161
012345296305050581470987658147012345050509876529630505050505050505050505050529630987650505012345814709876581470505052963
014965238705050587230961458723014965050509614523870505050505050505050505050523870961450505014965872309614587230505052387
016945278305050583270941658327016945050509416527830505050505050505050505050527830941650505016945832709416583270505052783
018365216705050589430927458943018365050509274521670505050505050505050505050521670927450505018365894309274589430505052167
010101818183838363636565658585898989494943434303030505050505050505050505050525252121216161676767070709090929292727274747
012345432101234543210123458147074185814707418581470505050505050505050505050529630369252963036925296309876567890987656789
014965416901496541690149658723078325872307832587230505050505050505050505050523870327852387032785238709614569410961456941
016945496101694549610169458327072385832707238583270505050505050505050505050527830387252783038725278309416561490941656149
018365472901836547290183658943076125894307612589430505050505050505050505050521670349852167034985216709274563810927456381
010101010101010101010101014141414141414141414141414949494949494949494949494969696969696969696969696965656565656565656565
012345678901234567890123450505050505050505050505050369258147036925814703692505050505050505050505050501234567890123456789
014965694101496569410149650505050505050505050505050327858723032785872303278505050505050505050505050501496569410149656941
016945614901694561490169450505050505050505050505050387258327038725832703872505050505050505050505050501694561490169456149
018365638101836563810183650505050505050505050505050349858943034985894303498505050505050505050505050501836563810183656381
010101212123232343434545450505050505050505050505050303036363696969292925252505050505050505050505050501010121212323234343
012345814705050529630987650505050505050505050505050369254321050505678907418505050505050505050505050501234581470505052963
014965872305050523870961450505050505050505050505050327854169050505694107832505050505050505050505050501496587230505052387
016945832705050527830941650505050505050505050505050387254961050505614907238505050505050505050505050501694583270505052783
018365894305050521670927450505050505050505050505050349854729050505638107612505050505050505050505050501836589430505052167
010101414149494969696565650505050505050505050505050303032323272727878785858505050505050505050505050501010141414949496969
012345050503692505050123450505050505050505050505050369250505098765050503692505050505050505050505050501234505050369250505
014965050503278505050149650505050505050505050505050327850505096145050503278505050505050505050505050501496505050327850505
016945050503872505050169450505050505050505050505050387250505094165050503872505050505050505050505050501694505050387250505
018365050503498505050183650505050505050505050505050349850505092745050503498505050505050505050505050501836505050349850505
010101616169696949494545450505050505050505050505050303038383878787272725252505050505050505050505050501010161616969694949
012345296305050581470987650505050505050505050505050369256789050505432107418505050505050505050505050501234529630505058147
014965238705050587230961450505050505050505050505050327856941050505416907832505050505050505050505050501496523870505058723
016945278305050583270941650505050505050505050505050387256149050505496107238505050505050505050505050501694527830505058327
018365216705050589430927450505050505050505050505050349856381050505472907612505050505050505050505050501836521670505058943
010101818183838363636565650505050505050505050505050303034343494949898985858505050505050505050505050501010181818383836363
012345432101234543210123450505050505050505050505050369252963036925296303692505050505050505050505050501234543210123454321
014965416901496541690149650505050505050505050505050327852387032785238703278505050505050505050505050501496541690149654169
016945496101694549610169450505050505050505050505050387252783038725278303872505050505050505050505050501694549610169454961
018365472901836547290183650505050505050505050505050349852167034985216703498505050505050505050505050501836547290183654729
010101010101010101010101016161616161616161616161616969696969696969696969696949494949494949494949494945454545454545454545
012345678901234567890123452963074185296307418529630505050505050505050505050581470369258147036925814709876543210987654321
014965694101496569410149652387078325238707832523870505050505050505050505050587230327858723032785872309614541690961454169
016945614901694561490169452783072385278307238527830505050505050505050505050583270387258327038725832709416549610941654961
018365638101836563810183652167076125216707612521670505050505050505050505050589430349858943034985894309274547290927454729
010101212123232343434545452525292929696963636303030505050505050505050505050585858181814141474747070709090989898787876767
012345814705050529630987652963012345050509876581470505050505050505050505050581470987650505012345296309876529630505058147
014965872305050523870961452387014965050509614587230505050505050505050505050587230961450505014965238709614523870505058723
016945832705050527830941652783016945050509416583270505050505050505050505050583270941650505016945278309416527830505058327
018365894305050521670927452167018365050509274589430505050505050505050505050589430927450505018365216709274521670505058943
010101414149494969696565652525232323838387878707070505050505050505050505050585858787872727232323030309090969696161614141
012345050503692505050123452963050505678905050529630505050505050505050505050581470505054321050505814709876505050741850505
014965050503278505050149652387050505694105050523870505050505050505050505050587230505054169050505872309614505050783250505
016945050503872505050169452783050505614905050527830505050505050505050505050583270505054961050505832709416505050723850505
018365050503498505050183652167050505638105050521670505050505050505050505050589430505054729050505894309274505050761250505
010101616169696949494545452525272727878783838303030505050505050505050505050585858383832323272727070709090949494141416161
012345296305050581470987652963098765050501234581470505050505050505050505050581470123450505098765296309876581470505052963
014965238705050587230961452387096145050501496587230505050505050505050505050587230149650505096145238709614587230505052387
016945278305050583270941652783094165050501694583270505050505050505050505050583270169450505094165278309416583270505052783
018365216705050589430927452167092745050501836589430505050505050505050505050589430183650505092745216709274589430505052167
010101818183838363636565652525212121616167676707070505050505050505050505050585858989894949434343030309090929292727274747
012345432101234543210123452963036925296303692529630505050505050505050505050581470741858147074185814709876567890987656789
014965416901496541690149652387032785238703278523870505050505050505050505050587230783258723078325872309614569410961456941
016945496101694549610169452783038725278303872527830505050505050505050505050583270723858327072385832709416561490941656149
018365472901836547290183652167034985216703498521670505050505050505050505050589430761258943076125894309274563810927456381
010101010101010101010101018181818181818181818181818383838383838383838383838363636363636363636363636365656565656565656565
012345678901234567890123454321098765432109876543210123456789012345678901234543210987654321098765432101234567890123456789
014965694101496569410149654169096145416909614541690149656941014965694101496541690961454169096145416901496569410149656941
016945614901694561490169454961094165496109416549610169456149016945614901694549610941654961094165496101694561490169456149
018365638101836563810183654729092745472909274547290183656381018365638101836547290927454729092745472901836563810183656381
010101212123232343434545454545434343232321212101010101012121232323434345454545454343432323212121010101010121212323234343
012345814705050529630987654321074185050503692567890123458147050505296309876543210741850505036925678901234581470505052963
014965872305050523870961454169078325050503278569410149658723050505238709614541690783250505032785694101496587230505052387
016945832705050527830941654961072385050503872561490169458327050505278309416549610723850505038725614901694583270505052783
018365894305050521670927454729076125050503498563810183658943050505216709274547290761250505034985638101836589430505052167
010101414149494969696565654545414141616169696909090101014141494949696965656545454141416161696969090901010141414949496969
012345050503692505050123454321050505296305050543210123450505036925050501234543210505052963050505432101234505050369250505
014965050503278505050149654169050505238705050541690149650505032785050501496541690505052387050505416901496505050327850505
016945050503872505050169454961050505278305050549610169450505038725050501694549610505052783050505496101694505050387250505
018365050503498505050183654729050505216705050547290183650505034985050501836547290505052167050505472901836505050349850505
010101616169696949494545454545494949696961616101010101016161696969494945454545454949496969616161010101010161616969694949
012345296305050581470987654321036925050507418567890123452963050505814709876543210369250505074185678901234529630505058147
014965238705050587230961454169032785050507832569410149652387050505872309614541690327850505078325694101496523870505058723
016945278305050583270941654961038725050507238561490169452783050505832709416549610387250505072385614901694527830505058327
018365216705050589430927454729034985050507612563810183652167050505894309274547290349850505076125638101836521670505058943
010101818183838363636565654545474747272729292909090101018181838383636365656545454747472727292929090901010181818383836363
012345432101234543210123454321012345432101234543210123454321012345432101234543210123454321012345432101234543210123454321
014965416901496541690149654169014965416901496541690149654169014965416901496541690149654169014965416901496541690149654169
016945496101694549610169454961016945496101694549610169454961016945496101694549610169454961016945496101694549610169454961
018365472901836547290183654729018365472901836547290183654729018365472901836547290183654729018365472901836547290183654729
010101010101010101010101010101010101010101010101010101010101010101010101010101010101010101010101010101010101010101010101
012345678901234567890123456789012345678901234567890123456789012345678901234567890123456789012345678901234567890123456789
014965694101496569410149656941014965694101496569410149656941014965694101496569410149656941014965694101496569410149656941
016945614901694561490169456149016945614901694561490169456149016945614901694561490169456149016945614901694561490169456149
018365638101836563810183656381018365638101836563810183656381018365638101836563810183656381018365638101836563810183656381
010101212123232343434545456565676767878789898909090101012121232323434345454565656767678787898989090901010121212323234343
012345814705050529630987656789036925050507418543210123458147050505296309876567890369250505074185432101234581470505052963
014965872305050523870961456941032785050507832541690149658723050505238709614569410327850505078325416901496587230505052387
016945832705050527830941656149038725050507238549610169458327050505278309416561490387250505072385496101694583270505052783
018365894305050521670927456381034985050507612547290183658943050505216709274563810349850505076125472901836589430505052167
010101414149494969696565656565696969494941414101010101014141494949696965656565656969694949414141010101010141414949496969
012345050503692505050123456789050505814705050567890123450505036925050501234567890505058147050505678901234505050369250505
014965050503278505050149656941050505872305050569410149650505032785050501496569410505058723050505694101496505050327850505
016945050503872505050169456149050505832705050561490169450505038725050501694561490505058327050505614901694505050387250505
018365050503498505050183656381050505894305050563810183650505034985050501836563810505058943050505638101836505050349850505
010101616169696949494545456565616161414149494909090101016161696969494945454565656161614141494949090901010161616969694949
012345296305050581470987656789074185050503692543210123452963050505814709876567890741850505036925432101234529630505058147
014965238705050587230961456941078325050503278541690149652387050505872309614569410783250505032785416901496523870505058723
016945278305050583270941656149072385050503872549610169452783050505832709416561490723850505038725496101694527830505058327
018365216705050589430927456381076125050503498547290183652167050505894309274563810761250505034985472901836521670505058943
010101818183838363636565656565636363838381818101010101018181838383636365656565656363638383818181010101010181818383836363
012345432101234543210123456789098765678909876567890123454321012345432101234567890987656789098765678901234543210123454321
014965416901496541690149656941096145694109614569410149654169014965416901496569410961456941096145694101496541690149654169
016945496101694549610169456149094165614909416561490169454961016945496101694561490941656149094165614901694549610169454961
018365472901836547290183656381092745638109274563810183654729018365472901836563810927456381092745638101836547290183654729
010101010101010101010101012121212121212121212121212323232323232323232323232343434343434343434343434345454545454545454545
012345678901234567890123458147036925814703692581470505050505050505050505050529630741852963074185296309876543210987654321
014965694101496569410149658723032785872303278587230505050505050505050505050523870783252387078325238709614541690961454169
016945614901694561490169458327038725832703872583270505050505050505050505050527830723852783072385278309416549610941654961
018365638101836563810183658943034985894303498589430505050505050505050505050521670761252167076125216709274547290927454729
010101212123232343434545458585818181414147474707070505050505050505050505050525252929296969636363030309090989898787876767
012345814705050529630987658147098765050501234529630505050505050505050505050529630123450505098765814709876529630505058147
014965872305050523870961458723096145050501496523870505050505050505050505050523870149650505096145872309614523870505058723
016945832705050527830941658327094165050501694527830505050505050505050505050527830169450505094165832709416527830505058327
018365894305050521670927458943092745050501836521670505050505050505050505050521670183650505092745894309274521670505058943
010101414149494969696565658585878787272723232303030505050505050505050505050525252323238383878787070709090969696161614141
012345050503692505050123458147050505432105050581470505050505050505050505050529630505056789050505296309876505050741850505
014965050503278505050149658723050505416905050587230505050505050505050505050523870505056941050505238709614505050783250505
016945050503872505050169458327050505496105050583270505050505050505050505050527830505056149050505278309416505050723850505
018365050503498505050183658943050505472905050589430505050505050505050505050521670505056381050505216709274505050761250505
010101616169696949494545458585838383232327272707070505050505050505050505050525252727278787838383030309090949494141416161
012345296305050581470987658147012345050509876529630505050505050505050505050529630987650505012345814709876581470505052963
014965238705050587230961458723014965050509614523870505050505050505050505050523870961450505014965872309614587230505052387
016945278305050583270941658327016945050509416527830505050505050505050505050527830941650505016945832709416583270505052783
018365216705050589430927458943018365050509274521670505050505050505050505050521670927450505018365894309274589430505052167
010101818183838363636565658585898989494943434303030505050505050505050505050525252121216161676767070709090929292727274747
012345432101234543210123458147074185814707418581470505050505050505050505050529630369252963036925296309876567890987656789
014965416901496541690149658723078325872307832587230505050505050505050505050523870327852387032785238709614569410961456941
016945496101694549610169458327072385832707238583270505050505050505050505050527830387252783038725278309416561490941656149
018365472901836547290183658943076125894307612589430505050505050505050505050521670349852167034985216709274563810927456381
010101010101010101010101014141414141414141414141414949494949494949494949494969696969696969696969696965656565656565656565
012345678901234567890123450505050505050505050505050369258147036925814703692505050505050505050505050501234567890123456789
014965694101496569410149650505050505050505050505050327858723032785872303278505050505050505050505050501496569410149656941
016945614901694561490169450505050505050505050505050387258327038725832703872505050505050505050505050501694561490169456149
018365638101836563810183650505050505050505050505050349858943034985894303498505050505050505050505050501836563810183656381
010101212123232343434545450505050505050505050505050303036363696969292925252505050505050505050505050501010121212323234343
012345814705050529630987650505050505050505050505050369254321050505678907418505050505050505050505050501234581470505052963
014965872305050523870961450505050505050505050505050327854169050505694107832505050505050505050505050501496587230505052387
016945832705050527830941650505050505050505050505050387254961050505614907238505050505050505050505050501694583270505052783
018365894305050521670927450505050505050505050505050349854729050505638107612505050505050505050505050501836589430505052167
010101414149494969696565650505050505050505050505050303032323272727878785858505050505050505050505050501010141414949496969
012345050503692505050123450505050505050505050505050369250505098765050503692505050505050505050505050501234505050369250505
014965050503278505050149650505050505050505050505050327850505096145050503278505050505050505050505050501496505050327850505
016945050503872505050169450505050505050505050505050387250505094165050503872505050505050505050505050501694505050387250505
018365050503498505050183650505050505050505050505050349850505092745050503498505050505050505050505050501836505050349850505
010101616169696949494545450505050505050505050505050303038383878787272725252505050505050505050505050501010161616969694949
012345296305050581470987650505050505050505050505050369256789050505432107418505050505050505050505050501234529630505058147
014965238705050587230961450505050505050505050505050327856941050505416907832505050505050505050505050501496523870505058723
016945278305050583270941650505050505050505050505050387256149050505496107238505050505050505050505050501694527830505058327
018365216705050589430927450505050505050505050505050349856381050505472907612505050505050505050505050501836521670505058943
010101818183838363636565650505050505050505050505050303034343494949898985858505050505050505050505050501010181818383836363
012345432101234543210123450505050505050505050505050369252963036925296303692505050505050505050505050501234543210123454321
014965416901496541690149650505050505050505050505050327852387032785238703278505050505050505050505050501496541690149654169
016945496101694549610169450505050505050505050505050387252783038725278303872505050505050505050505050501694549610169454961
018365472901836547290183650505050505050505050505050349852167034985216703498505050505050505050505050501836547290183654729
010101010101010101010101016161616161616161616161616969696969696969696969696949494949494949494949494945454545454545454545
012345678901234567890123452963074185296307418529630505050505050505050505050581470369258147036925814709876543210987654321
014965694101496569410149652387078325238707832523870505050505050505050505050587230327858723032785872309614541690961454169
016945614901694561490169452783072385278307238527830505050505050505050505050583270387258327038725832709416549610941654961
018365638101836563810183652167076125216707612521670505050505050505050505050589430349858943034985894309274547290927454729
010101212123232343434545452525292929696963636303030505050505050505050505050585858181814141474747070709090989898787876767
012345814705050529630987652963012345050509876581470505050505050505050505050581470987650505012345296309876529630505058147
014965872305050523870961452387014965050509614587230505050505050505050505050587230961450505014965238709614523870505058723
016945832705050527830941652783016945050509416583270505050505050505050505050583270941650505016945278309416527830505058327
018365894305050521670927452167018365050509274589430505050505050505050505050589430927450505018365216709274521670505058943
010101414149494969696565652525232323838387878707070505050505050505050505050585858787872727232323030309090969696161614141
012345050503692505050123452963050505678905050529630505050505050505050505050581470505054321050505814709876505050741850505
014965050503278505050149652387050505694105050523870505050505050505050505050587230505054169050505872309614505050783250505
016945050503872505050169452783050505614905050527830505050505050505050505050583270505054961050505832709416505050723850505
018365050503498505050183652167050505638105050521670505050505050505050505050589430505054729050505894309274505050761250505
010101616169696949494545452525272727878783838303030505050505050505050505050585858383832323272727070709090949494141416161
012345296305050581470987652963098765050501234581470505050505050505050505050581470123450505098765296309876581470505052963
014965238705050587230961452387096145050501496587230505050505050505050505050587230149650505096145238709614587230505052387
016945278305050583270941652783094165050501694583270505050505050505050505050583270169450505094165278309416583270505052783
018365216705050589430927452167092745050501836589430505050505050505050505050589430183650505092745216709274589430505052167
010101818183838363636565652525212121616167676707070505050505050505050505050585858989894949434343030309090929292727274747
012345432101234543210123452963036925296303692529630505050505050505050505050581470741858147074185814709876567890987656789
014965416901496541690149652387032785238703278523870505050505050505050505050587230783258723078325872309614569410961456941
016945496101694549610169452783038725278303872527830505050505050505050505050583270723858327072385832709416561490941656149
018365472901836547290183652167034985216703498521670505050505050505050505050589430761258943076125894309274563810927456381
010101010101010101010101018181818181818181818181818383838383838383838383838363636363636363636363636365656565656565656565
012345678901234567890123454321098765432109876543210123456789012345678901234543210987654321098765432101234567890123456789
014965694101496569410149654169096145416909614541690149656941014965694101496541690961454169096145416901496569410149656941
016945614901694561490169454961094165496109416549610169456149016945614901694549610941654961094165496101694561490169456149
018365638101836563810183654729092745472909274547290183656381018365638101836547290927454729092745472901836563810183656381
010101212123232343434545454545434343232321212101010101012121232323434345454545454343432323212121010101010121212323234343
012345814705050529630987654321074185050503692567890123458147050505296309876543210741850505036925678901234581470505052963
014965872305050523870961454169078325050503278569410149658723050505238709614541690783250505032785694101496587230505052387
016945832705050527830941654961072385050503872561490169458327050505278309416549610723850505038725614901694583270505052783
018365894305050521670927454729076125050503498563810183658943050505216709274547290761250505034985638101836589430505052167
010101414149494969696565654545414141616169696909090101014141494949696965656545454141416161696969090901010141414949496969
012345050503692505050123454321050505296305050543210123450505036925050501234543210505052963050505432101234505050369250505
014965050503278505050149654169050505238705050541690149650505032785050501496541690505052387050505416901496505050327850505
016945050503872505050169454961050505278305050549610169450505038725050501694549610505052783050505496101694505050387250505
018365050503498505050183654729050505216705050547290183650505034985050501836547290505052167050505472901836505050349850505
010101616169696949494545454545494949696961616101010101016161696969494945454545454949496969616161010101010161616969694949
012345296305050581470987654321036925050507418567890123452963050505814709876543210369250505074185678901234529630505058147
014965238705050587230961454169032785050507832569410149652387050505872309614541690327850505078325694101496523870505058723
016945278305050583270941654961038725050507238561490169452783050505832709416549610387250505072385614901694527830505058327
018365216705050589430927454729034985050507612563810183652167050505894309274547290349850505076125638101836521670505058943
010101818183838363636565654545474747272729292909090101018181838383636365656545454747472727292929090901010181818383836363
012345432101234543210123454321012345432101234543210123454321012345432101234543210123454321012345432101234543210123454321
014965416901496541690149654169014965416901496541690149654169014965416901496541690149654169014965416901496541690149654169
016945496101694549610169454961016945496101694549610169454961016945496101694549610169454961016945496101694549610169454961
018365472901836547290183654729018365472901836547290183654729018365472901836547290183654729018365472901836547290183654729
010101010101010101010101010101010101010101010101010101010101010101010101010101010101010101010101010101010101010101010101
012345678901234567890123456789012345678901234567890123456789012345678901234567890123456789012345678901234567890123456789
014965694101496569410149656941014965694101496569410149656941014965694101496569410149656941014965694101496569410149656941
016945614901694561490169456149016945614901694561490169456149016945614901694561490169456149016945614901694561490169456149
018365638101836563810183656381018365638101836563810183656381018365638101836563810183656381018365638101836563810183656381
010101212123232343434545456565676767878789898909090101012121232323434345454565656767678787898989090901010121212323234343
012345814705050529630987656789036925050507418543210123458147050505296309876567890369250505074185432101234581470505052963
014965872305050523870961456941032785050507832541690149658723050505238709614569410327850505078325416901496587230505052387
016945832705050527830941656149038725050507238549610169458327050505278309416561490387250505072385496101694583270505052783
018365894305050521670927456381034985050507612547290183658943050505216709274563810349850505076125472901836589430505052167
010101414149494969696565656565696969494941414101010101014141494949696965656565656969694949414141010101010141414949496969
012345050503692505050123456789050505814705050567890123450505036925050501234567890505058147050505678901234505050369250505
014965050503278505050149656941050505872305050569410149650505032785050501496569410505058723050505694101496505050327850505
016945050503872505050169456149050505832705050561490169450505038725050501694561490505058327050505614901694505050387250505
018365050503498505050183656381050505894305050563810183650505034985050501836563810505058943050505638101836505050349850505
010101616169696949494545456565616161414149494909090101016161696969494945454565656161614141494949090901010161616969694949
012345296305050581470987656789074185050503692543210123452963050505814709876567890741850505036925432101234529630505058147
014965238705050587230961456941078325050503278541690149652387050505872309614569410783250505032785416901496523870505058723
016945278305050583270941656149072385050503872549610169452783050505832709416561490723850505038725496101694527830505058327
018365216705050589430927456381076125050503498547290183652167050505894309274563810761250505034985472901836521670505058943
010101818183838363636565656565636363838381818101010101018181838383636365656565656363638383818181010101010181818383836363
012345432101234543210123456789098765678909876567890123454321012345432101234567890987656789098765678901234543210123454321
014965416901496541690149656941096145694109614569410149654169014965416901496569410961456941096145694101496541690149654169
016945496101694549610169456149094165614909416561490169454961016945496101694561490941656149094165614901694549610169454961
018365472901836547290183656381092745638109274563810183654729018365472901836563810927456381092745638101836547290183654729
010101010101010101010101012121212121212121212121212323232323232323232323232343434343434343434343434345454545454545454545
012345678901234567890123458147036925814703692581470505050505050505050505050529630741852963074185296309876543210987654321
014965694101496569410149658723032785872303278587230505050505050505050505050523870783252387078325238709614541690961454169
016945614901694561490169458327038725832703872583270505050505050505050505050527830723852783072385278309416549610941654961
018365638101836563810183658943034985894303498589430505050505050505050505050521670761252167076125216709274547290927454729
010101212123232343434545458585818181414147474707070505050505050505050505050525252929296969636363030309090989898787876767
012345814705050529630987658147098765050501234529630505050505050505050505050529630123450505098765814709876529630505058147
014965872305050523870961458723096145050501496523870505050505050505050505050523870149650505096145872309614523870505058723
016945832705050527830941658327094165050501694527830505050505050505050505050527830169450505094165832709416527830505058327
018365894305050521670927458943092745050501836521670505050505050505050505050521670183650505092745894309274521670505058943
010101414149494969696565658585878787272723232303030505050505050505050505050525252323238383878787070709090969696161614141
012345050503692505050123458147050505432105050581470505050505050505050505050529630505056789050505296309876505050741850505
014965050503278505050149658723050505416905050587230505050505050505050505050523870505056941050505238709614505050783250505
016945050503872505050169458327050505496105050583270505050505050505050505050527830505056149050505278309416505050723850505
018365050503498505050183658943050505472905050589430505050505050505050505050521670505056381050505216709274505050761250505
010101616169696949494545458585838383232327272707070505050505050505050505050525252727278787838383030309090949494141416161
012345296305050581470987658147012345050509876529630505050505050505050505050529630987650505012345814709876581470505052963
014965238705050587230961458723014965050509614523870505050505050505050505050523870961450505014965872309614587230505052387
016945278305050583270941658327016945050509416527830505050505050505050505050527830941650505016945832709416583270505052783
018365216705050589430927458943018365050509274521670505050505050505050505050521670927450505018365894309274589430505052167
010101818183838363636565658585898989494943434303030505050505050505050505050525252121216161676767070709090929292727274747
012345432101234543210123458147074185814707418581470505050505050505050505050529630369252963036925296309876567890987656789
014965416901496541690149658723078325872307832587230505050505050505050505050523870327852387032785238709614569410961456941
016945496101694549610169458327072385832707238583270505050505050505050505050527830387252783038725278309416561490941656149
018365472901836547290183658943076125894307612589430505050505050505050505050521670349852167034985216709274563810927456381
010101010101010101010101014141414141414141414141414949494949494949494949494969696969696969696969696965656565656565656565
012345678901234567890123450505050505050505050505050369258147036925814703692505050505050505050505050501234567890123456789
014965694101496569410149650505050505050505050505050327858723032785872303278505050505050505050505050501496569410149656941
016945614901694561490169450505050505050505050505050387258327038725832703872505050505050505050505050501694561490169456149
018365638101836563810183650505050505050505050505050349858943034985894303498505050505050505050505050501836563810183656381
010101212123232343434545450505050505050505050505050303036363696969292925252505050505050505050505050501010121212323234343
012345814705050529630987650505050505050505050505050369254321050505678907418505050505050505050505050501234581470505052963
014965872305050523870961450505050505050505050505050327854169050505694107832505050505050505050505050501496587230505052387
016945832705050527830941650505050505050505050505050387254961050505614907238505050505050505050505050501694583270505052783
018365894305050521670927450505050505050505050505050349854729050505638107612505050505050505050505050501836589430505052167
010101414149494969696565650505050505050505050505050303032323272727878785858505050505050505050505050501010141414949496969
012345050503692505050123450505050505050505050505050369250505098765050503692505050505050505050505050501234505050369250505
014965050503278505050149650505050505050505050505050327850505096145050503278505050505050505050505050501496505050327850505
016945050503872505050169450505050505050505050505050387250505094165050503872505050505050505050505050501694505050387250505
018365050503498505050183650505050505050505050505050349850505092745050503498505050505050505050505050501836505050349850505
010101616169696949494545450505050505050505050505050303038383878787272725252505050505050505050505050501010161616969694949
012345296305050581470987650505050505050505050505050369256789050505432107418505050505050505050505050501234529630505058147
014965238705050587230961450505050505050505050505050327856941050505416907832505050505050505050505050501496523870505058723
016945278305050583270941650505050505050505050505050387256149050505496107238505050505050505050505050501694527830505058327
018365216705050589430927450505050505050505050505050349856381050505472907612505050505050505050505050501836521670505058943
010101818183838363636565650505050505050505050505050303034343494949898985858505050505050505050505050501010181818383836363
012345432101234543210123450505050505050505050505050369252963036925296303692505050505050505050505050501234543210123454321
014965416901496541690149650505050505050505050505050327852387032785238703278505050505050505050505050501496541690149654169
016945496101694549610169450505050505050505050505050387252783038725278303872505050505050505050505050501694549610169454961
018365472901836547290183650505050505050505050505050349852167034985216703498505050505050505050505050501836547290183654729
010101010101010101010101016161616161616161616161616969696969696969696969696949494949494949494949494945454545454545454545
012345678901234567890123452963074185296307418529630505050505050505050505050581470369258147036925814709876543210987654321
014965694101496569410149652387078325238707832523870505050505050505050505050587230327858723032785872309614541690961454169
016945614901694561490169452783072385278307238527830505050505050505050505050583270387258327038725832709416549610941654961
018365638101836563810183652167076125216707612521670505050505050505050505050589430349858943034985894309274547290927454729
010101212123232343434545452525292929696963636303030505050505050505050505050585858181814141474747070709090989898787876767
012345814705050529630987652963012345050509876581470505050505050505050505050581470987650505012345296309876529630505058147
014965872305050523870961452387014965050509614587230505050505050505050505050587230961450505014965238709614523870505058723
016945832705050527830941652783016945050509416583270505050505050505050505050583270941650505016945278309416527830505058327
018365894305050521670927452167018365050509274589430505050505050505050505050589430927450505018365216709274521670505058943
010101414149494969696565652525232323838387878707070505050505050505050505050585858787872727232323030309090969696161614141
012345050503692505050123452963050505678905050529630505050505050505050505050581470505054321050505814709876505050741850505
014965050503278505050149652387050505694105050523870505050505050505050505050587230505054169050505872309614505050783250505
016945050503872505050169452783050505614905050527830505050505050505050505050583270505054961050505832709416505050723850505
018365050503498505050183652167050505638105050521670505050505050505050505050589430505054729050505894309274505050761250505
010101616169696949494545452525272727878783838303030505050505050505050505050585858383832323272727070709090949494141416161
012345296305050581470987652963098765050501234581470505050505050505050505050581470123450505098765296309876581470505052963
014965238705050587230961452387096145050501496587230505050505050505050505050587230149650505096145238709614587230505052387
016945278305050583270941652783094165050501694583270505050505050505050505050583270169450505094165278309416583270505052783
018365216705050589430927452167092745050501836589430505050505050505050505050589430183650505092745216709274589430505052167
010101818183838363636565652525212121616167676707070505050505050505050505050585858989894949434343030309090929292727274747
012345432101234543210123452963036925296303692529630505050505050505050505050581470741858147074185814709876567890987656789
014965416901496541690149652387032785238703278523870505050505050505050505050587230783258723078325872309614569410961456941
016945496101694549610169452783038725278303872527830505050505050505050505050583270723858327072385832709416561490941656149
018365472901836547290183652167034985216703498521670505050505050505050505050589430761258943076125894309274563810927456381
010101010101010101010101018181818181818181818181818383838383838383838383838363636363636363636363636365656565656565656565
